 , , , , , , , , , , , , , , , , , , , , , , , , , , , , , , , , , , , , , , , , , , , , , , , , , , , , , , , , , , , , , , , , , , , , , , , , , , , , , , , , , , , , , , , , , , , , , , , , , , , , , , , , , , , , , , , , , , , , , , , , , , , , , , , ,
 , , , , , , , , , , , , , , , , , , , , , , , , , , , , , , , , , , , , , , , , , , , , , , , , , , , , , , , , , , , , , , , , , , , , , , , , , , , , , , , , , , , , , , , , , , , , , , , , , , , , , , , , , , , , , , , , , , , , , , , , , , , , , , , ,
 , , , , , , , , , , , , , , , , , , , , , , , , , , , , , , , , , , , , , , , , , , , , , , , , , , , , , , , , , , , , , , , , , , , , , , , , , , , , , , , , , , , , , , , , , , , , , , , , , , , , , , , , , , , , , , , , , , , , , , , , , , , , , , , ,
 , , , , , , , , , , , , , , , , , , , , , , , , , , , , , , , , , , , , , , , , , , , , , , , , , , , , , , , , , , , , , , , , , , , , , , , , , , , , , , , , , , , , , , , , , , , , , , , , , , , , , , , , , , , , , , , , , , , , , , , , , , , , , , , ,
 , , , , , , , , , , , , , , , , , , , , , , , , , , , , , , , , , , , , , , , , , , , , , , , , , , , , , , , , , , , , , , , , , , , , , , , , , , , , , , , , , , , , , , , , , , , , , , , , , , , , , , , , , , , , , , , , , , , , , , , , , , , , , , , ,
 , , , , , , , , , , , , , , , , , , , , , , , , , , , , , , , , , , , , , , , , , , , , , , , , , , , , , , , , , , , , , , , , , , , , , , , , , , , , , , , , , , , , , , , , , , , , , , , , , , , , , , , , , , , , , , , , , , , , , , , , , , , , , , , ,
 , , , , , , , , , , , , , , , , , , , , , , , , , , , , , , , , , , , , , , , , , , , , , , , , , , , , , , , , , , , , , , , , , , , , , , , , , , , , , , , , , , , , , , , , , , , , , , , , , , , , , , , , , , , , , , , , , , , , , , , , , , , , , , , ,
 , , , , , , , , , , , , , , , , , , , , , , , , , , , , , , , , , , , , , , , , , , , , , , , , , , , , , , , , , , , , , , , , , , , , , , , , , , , , , , , , , , , , , , , , , , , , , , , , , , , , , , , , , , , , , , , , , , , , , , , , , , , , , , , ,
 , , , , , , , , , , , , , , , , , , , , , , , , , , , , , , , , , , , , , , , , , , , , , , , , , , , , , , , , , , , , , , , , , , , , , , , , , , , , , , , , , , , , , , , , , , , , , , , , , , , , , , , , , , , , , , , , , , , , , , , , , , , , , , , ,
 , , , , , , , , , , , , , , , , , , , , , , , , , , , , , , , , , , , , , , , , , , , , , , , , , , , , , , , , , , , , , , , , , , , , , , , , , , , , , , , , , , , , , , , , , , , , , , , , , , , , , , , , , , , , , , , , , , , , , , , , , , , , , , , ,
 , , , , , , , , , , , , , , , , , , , , , , , , , , , , , , , , , , , , , , , , , , , , , , , , , , , , , , , , , , , , , , , , , , , , , , , , , , , , , , , , , , , , , , , , , , , , , , , , , , , , , , , , , , , , , , , , , , , , , , , , , , , , , , , ,
 , , , , , , , , , , , , , , , , , , , , , , , , , , , , , , , , , , , , , , , , , , , , , , , , , , , , , , , , , , , , , , , , , , , , , , , , , , , , , , , , , , , , , , , , , , , , , , , , , , , , , , , , , , , , , , , , , , , , , , , , , , , , , , , ,
 , , , , , , , , , , , , , , , , , , , , , , , , , , , , , , , , , , , , , , , , , , , , , , , , , , , , , , , , , , , , , , , , , , , , , , , , , , , , , , , , , , , , , , , , , , , , , , , , , , , , , , , , , , , , , , , , , , , , , , , , , , , , , , , ,
 , , , , , , , , , , , , , , , , , , , , , , , , , , , , , , , , , , , , , , , , , , , , , , , , , , , , , , , , , , , , , , , , , , , , , , , , , , , , , , , , , , , , , , , , , , , , , , , , , , , , , , , , , , , , , , , , , , , , , , , , , , , , , , , ,
 , , , , , , , , , , , , , , , , , , , , , , , , , , , , , , , , , , , , , , , , , , , , , , , , , , , , , , , , , , , , , , , , , , , , , , , , , , , , , , , , , , , , , , , , , , , , , , , , , , , , , , , , , , , , , , , , , , , , , , , , , , , , , , , ,
 , , , , , , , , , , , , , , , , , , , , , , , , , , , , , , , , , , , , , , , , , , , , , , , , , , , , , , , , , , , , , , , , , , , , , , , , , , , , , , , , , , , , , , , , , , , , , , , , , , , , , , , , , , , , , , , , , , , , , , , , , , , , , , , ,
 , , , , , , , , , , , , , , , , , , , , , , , , , , , , , , , , , , , , , , , , , , , , , , , , , , , , , , , , , , , , , , , , , , , , , , , , , , , , , , , , , , , , , , , , , , , , , , , , , , , , , , , , , , , , , , , , , , , , , , , , , , , , , , , ,
 , , , , , , , , , , , , , , , , , , , , , , , , , , , , , , , , , , , , , , , , , , , , , , , , , , , , , , , , , , , , , , , , , , , , , , , , , , , , , , , , , , , , , , , , , , , , , , , , , , , , , , , , , , , , , , , , , , , , , , , , , , , , , , , ,
 , , , , , , , , , , , , , , , , , , , , , , , , , , , , , , , , , , , , , , , , , , , , , , , , , , , , , , , , , , , , , , , , , , , , , , , , , , , , , , , , , , , , , , , , , , , , , , , , , , , , , , , , , , , , , , , , , , , , , , , , , , , , , , , ,
 , , , , , , , , , , , , , , , , , , , , , , , , , , , , , , , , , , , , , , , , , , , , , , , , , , , ,16,16,16,16,16,16,16,16,16,16,16,16,16,16,16,16,16,16,16,16, , , , , , , , , , , , , , , , , , , , , , , , , , , , , , , , , , , , , , , , , , , , , , , , , , , , , , , , ,
 , , , , , , , , , , , , , , , , , , , , , , , , , , , , , , , , , , , , , , , , , , , , , , , , , , , ,16,16,16,16,16,16,16,16,16,16,16,16,16,16,16,16,16,16,16,16,23,23,23,23,23,23,23,23,23,23, , , , , , , , , , , , , , , , , , , , , , , , , , , , , , , , , , , , , , , , , , , , , , ,
 , , , , , , , , , , , , , , , , , , , , , , , , , , , , , , , , , , , , , , , , , , , , , , , , , , , ,16,16,16,16,16,16,16,16,16,16,16,16,16,16,16,16,16,16,16,16,23,23,23,23,23,23,23,23,23,23, , , , , , , , , , , , , , , , , , , , , , , , , , , , , , , , , , , , , , , , , , , , , , ,
 , , , , , , , , , , , , , , , , , , , , , , , , , , , , , , , , , , , , , , , , , , , , , , , , , , , ,16,16,16,16,16,16,16,16,16,16,16,16,16,16,16,16,16,16,16,16,23,23,23,23,23,23,23,23,23,23, , , , , , , , , , , , , , , , , , , , , , , , , , , , , , , , , , , , , , , , , , , , , , ,
 , , , , , , , , , , , , , , , , , , , , , , , , , , , , , , , , , , , , , , , , , , , , , , , , , , , ,16,16,16,16,16,16,16,16,16,16,16,16,16,16,16,16,16,16,16,16,23,23,23,23,23,23,23,23,23,23, , , , , , , , , , , , , , , , , , , , , , , , , , , , , , , , , , , , , , , , , , , , , , ,
 , , , , , , , , , , , , , , , , , , , , , , , , , , , , , , , , , , , , , , , , , , , , , , , , , , , ,16,16,16,16,16,16,16,16,16,16,16,16,16,16,16,16,16,16,16,16,23,23,23,23,23,23,23,23,23,23, , , , , , , , , , , , , , , , , , , , , , , , , , , , , , , , , , , , , , , , , , , , , , ,
 , , , , , , , , , , , , , , , , , , , , , , , , , , , , , , , , , , , , , , , , , , , , , , , , , , , ,16,16,16,16,16,16,16,16,16,16,16,16,16,16,16,16,16,16,16,16,23,23,23,23,23,23,23,23,23,23, , , , , , , , , , , , , , , , , , , , , , , , , , , , , , , , , , , , , , , , , , , , , , ,
 , , , , , , , , , , , , , , , , , , , , , , , , , , , , , , , , , , , , , , , , , , , , , , , , , , , ,16,16,16,16,16,16,16,16,16,16,16,16,16,16,16,16,16,16,16,16,23,23,23,23,23,23,23,23,23,23, , , , , , , , , , , , , , , , , , , , , , , , , , , , , , , , , , , , , , , , , , , , , , ,
 , , , , , , , , , , , , , , , , , , , , , , , , , , , , , , , , , , , , , , , , , , , , , , , , , , , ,16,16,16,16,16,16,16,16,16,16,16,16,16,16,16,16,16,16,16,16,23,23,23,23,23,23,23,23,23,23, , , , , , , , , , , , , , , , , , , , , , , , , , , , , , , , , , , , , , , , , , , , , , ,
 , , , , , , , , , , , , , , , , , , , , , , , , , , , , , , , , , , , , , , , , , , , , , , , , , , , ,16,16,16,16,16,16,16,16,16,16,16,16,16,16,16,16,16,16,16,16,23,23,23,23,23,23,23,23,23,23, , , , , , , , , , , , , , , , , , , , , , , , , , , , , , , , , , , , , , , , , , , , , , ,
 , , , , , , , , , , , , , , , , , , , , , , , , , , , , , , , , , , , , , , , , , , , , , , , , , , , ,16,16,16,16,16,16,16,16,16,16,16,16,16,16,16,16,16,16,16,16,23,23,23,23,23,23,23,23,23,23, , , , , , , , , , , , , , , , , , , , , , , , , , , , , , , , , , , , , , , , , , , , , , ,
 , , , , , , , , , , , , , , , , , , , , , , , , , , , , , , , , , , , , , , , , , , , , ,15,15,15,15,15,15,15,16,16,16,16,16,16,16,16,16,16,16,16,16,16,16,16,16,16,16,16,23,23,23,23,23,23,23,23,23,23, , , , , , , , , , , , , , , , , , , , , , , , , , , , , , , , , , , , , , , , , , , , , , ,
 , , , , , , , , , , , , , , , , , , , , , , , , , , , , , , , , , , , , , , , , , , , , ,15,15,15,15,15,15,15,16,16,16,16,16,16,16,16,16,16,16,16,16,16,16,16,16,16,16,16,23,23,23,23,23,23,23,23,23,23, , , , , , , , , , , , , , , , , , , , , , , , , , , , , , , , , , , , , , , , , , , , , , ,
 , , , , , , , , , , , , , , , , , , , , , , , , , , , , , , , , , , , , , , , , , , , , ,15,15,15,15,15,15,15,16,16,16,16,16,16,16,16,16,16,16,16,16,16,16,16,16,16,16,16,23,23,23,23,23,23,23,23,23,23, , , , , , , , , , , , , , , , , , , , , , , , , , , , , , , , , , , , , , , , , , , , , , ,
 , , , , , , , , , , , , , , , , , , , , , , , , , , , , , , , , , , , , , , , , , , , , ,15,15,15,15,15,15,15,16,16,16,16,16,16,16,16,16,16,16,16,16,16,16,16,16,16,16,16,23,23,23,23,23,23,23,23,23,23, , , , , , , , , , , , , , , , , , , , , , , , , , , , , , , , , , , , , , , , , , , , , , ,
 , , , , , , , , , , , , , , , , , , , , , , , , , , , , , , , , , , , , , , , , , , , , ,15,15,15,15,15,15,15,16,16,16,16,16,16,16,16,16,16,16,16,16,16,16,16,16,16,16,16,23,23,23,23,23,23,23,23,23,23, , , , , , , , , , , , , , , , , , , , , , , , , , , , , , , , , , , , , , , , , , , , , , ,
 , , , , , , , , , , , , , , , , , , , , , , , , , , , , , , , , , , , , , , , , , ,12,12,12,12,12,12,12,12,12, ,16,16,16,16,16,16,16,16,16,16,16,16,16,16,16,16,16,16,16,16,23,23,23,23,23,23,23,23,23,23, , , , , , , , , , , , , , , , , , , , , , , , , , , , , , , , , , , , , , , , , , , , , , ,
 , , , , , , , , , , , , , , , , , , , , , , , , , , , , , , , , , , , , , , , , , ,12,12,12,12,12,12,12,12,12, ,16,16,16,16,16,16,16,16,16,16,16,16,16,16,16,16,16,16,16,16,23,23,23,23,23,23,23,23,23,23, , , , , , , , , , , , , , , , , , , , , , , , , , , , , , , , , , , , , , , , , , , , , , ,
 , , , , , , , , , , , , , , , , , , , , , , , , , , , , , , , , , , , , , , , , , ,12,12,12,12,12,12,12,12,12, ,16,16,16,16,16,16,16,16,16,16,16,16,16,16,16,16,16,16,16,16,23,23,23,23,23,23,23,23,23,23, , , , , , , , , , , , , , , , , , , , , , , , , , , , , , , , , , , , , , , , , , , , , , ,
 , , , , , , , , , , , , , , , , , , , , , , , , , , , , , , , , , , , , , , , , , ,12,12,12,12,12,12,12,12,12, ,16,16,16,16,16,16,16,16,16,16,16,16,16,16,16,16,16,16,16,16,23,23,23,23,23,23,23,23,23,23, , , , , , , , , , , , , , , , , , , , , , , , , , , , , , , , , , , , , , , , , , , , , , ,
 , , , , , , , , , , , , , , , , , , , , , , , , , , , , , , , , , , , , , , , , , ,12,12,12,12,12,12,12,12,12, ,16,16,16,16,16,16,16,16,16,16,16,16,16,16,16,16,16,16,16,16,23,23,23,23,23,23,23,23,23,23, , , , , , , , , , , , , , , , , , , , , , , , , , , , , , , , , , , , , , , , , , , , , , ,
 , , , , , , , , , , , , , , , , , , , , , , , , , , , , , , , , , , , , , , , , , ,12,12,12,12,12,12,12,12,12, ,16,16,16,16,16,16,16,16,16,16,16,16,16,16,16,16,16,16,16,16,23,23,23,23,23,23,23,23,23,23, , , , , , , , , , , , , , , , , , , , , , , , , , , , , , , , , , , , , , , , , , , , , , ,
 , , , , , , , , , , , , , , , , , , , , , , , , , , , , , , , , , , , , , , , , , ,12,12,12,12,12,12,12,12,12, ,16,16,16,16,16,16,16,16,16,16,16,16,16,16,16,16,16,16,16,16,23,23,23,23,23,23,23,23,23,23, , , , , , , , , , , , , , , , , , , , , , , , , , , , , , , , , , , , , , , , , , , , , , ,
 , , , , , , , , , , , , , , , , , , , , , , , , , , , , , , , , , , , , , , , , , ,12,12,12,12,12,12,12,12,12, ,16,16,16,16,16,16,16,16,16,16,16,16,16,16,16,16,16,16,16,16,23,23,23,23,23,23,23,23,23,23, , , , , , , , , , , , , , , , , , , , , , , , , , , , , , , , , , , , , , , , , , , , , , ,
 , , , , , , , , , , , , , , , , , , , , , , , , , , , , ,2,2,2,2,2,2,2,2,3,3,3,3, ,12,12,12,12,12,12,12,12,12, ,16,16,16,16,16,16,16,16,16,16,16,16,16,16,16,16,16,16,16,16,23,23,23,23,23,23,23,23,23,23,28,28,28,28,28,28,28,29,29,29,29,29,29,29, , , , , , , , , , , , , , , , , , , , , , , , , , , , , , , , ,
 , , , , , , , , , , , , , , , , , , , , , , , , , , , , ,2,2,2,2,2,2,2,2,3,3,3,3, ,12,12,12,12,12,12,12,12,12, ,16,16,16,16,16,16,16,16,16,16,16,16,16,16,16,16,16,16,16,16,23,23,23,23,23,23,23,23,23,23,28,28,28,28,28,28,28,29,29,29,29,29,29,29, , , , , , , , , , , , , , , , , , , , , , , , , , , , , , , , ,
 , , , , , , , , , , , , , , , , , , , , , , , , , , , , ,2,2,2,2,2,2,2,2,3,3,3,3, ,12,12,12,12,12,12,12,12,12,17,17,17,17,17,17,17,17,17,17,17,17,17,17,17,17,17,17,17,17,17,23,23,23,23,23,23,23,23,23,23,28,28,28,28,28,28,28,29,29,29,29,29,29,29, , , , , , , , , , , , , , , , , , , , , , , , , , , , , , , , ,
 , , , , , , , , , , , , , , , , , , , , , , , , , , , , ,2,2,2,2,2,2,2,2,3,3,3,3, ,12,12,12,12,12,12,12,12,12,17,17,17,17,17,17,17,17,17,17,17,17,17,17,17,17,17,17,17,17,17,23,23,23,23,23,23,23,23,23,23,28,28,28,28,28,28,28,29,29,29,29,29,29,29, , , , , , , , , , , , , , , , , , , , , , , , , , , , , , , , ,
 , , , , , , , , , , , , , , , , , , , , , , , , , , , , ,2,2,2,2,2,2,2,2,3,3,3,3, ,12,12,12,12,12,12,12,12,12,17,17,17,17,17,17,17,17,17,17,17,17,17,17,17,17,17,17,17,17,17,23,23,23,23,23,23,23,23,23,23,28,28,28,28,28,28,28,29,29,29,29,29,29,29, , , , , , , , , , , , , , , , , , , , , , , , , , , , , , , , ,
 , , , , , , , , , , , , , , , , , , , , , , , , , , , , ,2,2,2,2,2,2,2,2,3,3,3,3, ,12,12,12,12,12,12,12,12,12,17,17,17,17,17,17,17,17,17,17,17,17,17,17,17,17,17,17,17,17,17,23,23,23,23,23,23,23,23,23,23,28,28,28,28,28,28,28,29,29,29,29,29,29,29, , , , , , , , , , , , , , , , , , , , , , , , , , , , , , , , ,
 , , , , , , , , , , , , , , , , , , , , , , , , , , , , ,2,2,2,2,2,2,2,2,3,3,3,3, ,12,12,12,12,12,12,12,12,12, , ,18,18,18,18,18,18,18,18,18,18,18,18,18,18,18,18,18,18,18,23,23,23,23,23,23,23,23,23,23,28,28,28,28,28,28,28,29,29,29,29,29,29,29, , , , , , , , , , , , , , , , , , , , , , , , , , , , , , , , ,
 , , , , , , , , , , , , , , , , , , , , , , , , , , , , ,2,2,2,2,2,2,2,2,3,3,3,3, , , , , ,13,13,13,13,13,13,13,18,18,18,18,18,18,18,18,18,18,18,18,18,18,18,18,18,18,18,23,23,23,23,23,23,23,23,23,23,28,28,28,28,28,28,28,29,29,29,29,29,29,29, , , , , , , , , , , , , , , , , , , , , , , , , , , , , , , , ,
 , , , , , , , , , , , , , , , , , , , , , , , , , , , , ,2,2,2,2,2,2,2,2,4,4,4,4,4,4,4,4, ,13,13,13,13,13,13,13,18,18,18,18,18,18,18,18,18,18,18,18,18,18,18,18,18,18,18,23,23,23,23,23,23,23,23,23,23,28,28,28,28,28,28,28,29,29,29,29,29,29,29, , , , , , , , , , , , , , , , , , , , , , , , , , , , , , , , ,
 , , , , , , , , , , , , , , , , , , , , , , , , , , , , ,2,2,2,2,2,2,2,2,4,4,4,4,4,4,4,4, ,13,13,13,13,13,13,13,18,18,18,18,18,18,18,18,18,18,18,18,18,18,18,18,18,18,18,23,23,23,23,23,23,23,23,23,23,28,28,28,28,28,28,28,29,29,29,29,29,29,29, , , , , , , , , , , , , , , , , , , , , , , , , , , , , , , , ,
 , , , , , , , , , , , , , , , , , , , , , , , , , , , , ,2,2,2,2,2,2,2,2,4,4,4,4,4,4,4,4, ,13,13,13,13,13,13,13,18,18,18,18,18,18,18,18,18,18,18,18,18,18,18,18,18,18,18,23,23,23,23,23,23,23,23,23,23, ,30,30,30,30, , ,29,29,29,29,29,29,29, , , , , , , , , , , , , , , , , , , , , , , , , , , , , , , , ,
 , , , , , , , , , , , , , , , , , , , ,1,1,1,1,1,1,1,1,1,1,1,1,1,1,1,1,1,4,4,4,4,4,4,4,4, ,13,13,13,13,13,13,13,18,18,18,18,18,18,18,18,18,18,18,18,18,18,18,18,18,18,18,23,23,23,23,23,23,23,23,23,23, ,30,30,30,30, , ,29,29,29,29,29,29,29, , , , , , , , , , , , , , , , , , , , , , , , , , , , , , , , ,
 , , , , , , , , , , , , , , , , , , , ,1,1,1,1,1,1,1,1,1,1,1,1,1,1,1,1,1,4,4,4,4,4,4,4,4, ,13,13,13,13,13,13,13,18,18,18,18,18,18,18,18,18,18,18,18,18,18,18,18,18,18,18,23,23,23,23,23,23,23,23,23,23, ,30,30,30,30, , ,29,29,29,29,29,29,29, , , , , , , , , , , , , , , , , , , , , , , , , , , , , , , , ,
 , , , , , , , , , , , , , , , , , , , ,1,1,1,1,1,1,1,1,1,1,1,1,1,1,1,1,1,4,4,4,4,4,4,4,4, ,13,13,13,13,13,13,13,18,18,18,18,18,18,18,18,18,18,18,18,18,18,18,18,18,18,18,23,23,23,23,23,23,23,23,23,23, ,30,30,30,30,31,31,31,31,31,31,31,31,31,31,31,31,31,31,31,31, , , , , , , , , , , , , , , , , , , , , , , , , ,
 , , , , , , , , , , , , , , , , , , , ,1,1,1,1,1,1,1,1,1,1,1,1,1,1,1,1,1,4,4,4,4,4,4,4,4, ,13,13,13,13,13,13,13,18,18,18,18,18,18,18,18,18,18,18,18,18,18,18,18,18,18,18,23,23,23,23,23,23,23,23,23,23, ,30,30,30,30,31,31,31,31,31,31,31,31,31,31,31,31,31,31,31,31, , , , , , , , , , , , , , , , , , , , , , , , , ,
 , , , , , , , , , , , , , , , , , , , ,1,1,1,1,1,1,1,1,1,1,1,1,1,1,1,1,1,4,4,4,4,4,4,4,4, ,13,13,13,13,13,13,13,18,18,18,18,18,18,18,18,18,18,18,18,18,18,18,18,18,18,18, , , , ,26,26,26,26,26,26,26,30,30,30,30,31,31,31,31,31,31,31,31,31,31,31,31,31,31,31,31, , , , , , , , , , , , , , , , , , , , , , , , , ,
 , , , , , , , , , , , , , , , , , , , ,1,1,1,1,1,1,1,1,1,1,1,1,1,1,1,1,1,5,5,5, ,9,9,9,9,9,9,9,14,14,14,14,14,18,18,18,18,18,18,18,18,18,18,18,18,18,18,18,18,18,18,18, , , , ,26,26,26,26,26,26,26,30,30,30,30,31,31,31,31,31,31,31,31,31,31,31,31,31,31,31,31, , , , , , , , , , , , , , , , , , , , , , , , , ,
 , , , , , , , , , , , , , , , , , , , ,1,1,1,1,1,1,1,1,1,1,1,1,1,1,1,1,1,5,5,5, ,9,9,9,9,9,9,9,14,14,14,14,14,19,19,19,19,19,19,19,19,19,19,19,19,19,19,19,19,19,19,24,24,24,24,24,26,26,26,26,26,26,26,30,30,30,30,31,31,31,31,31,31,31,31,31,31,31,31,31,31,31,31, , , , , , , , , , , , , , , , , , , , , , , , , ,
 , , , , , , , , , , , , , , , , , , , ,1,1,1,1,1,1,1,1,1,1,1,1,1,1,1,1,1,5,5,5, ,9,9,9,9,9,9,9,14,14,14,14,14,19,19,19,19,19,19,19,19,19,19,19,19,19,19,19,19,19,19,24,24,24,24,24,26,26,26,26,26,26,26,30,30,30,30,31,31,31,31,31,31,31,31,31,31,31,31,31,31,31,31, , , , , , , , , , , , , , , , , , , , , , , , , ,
 , , , , , , , , , , , , , , , , , , , ,1,1,1,1,1,1,1,1,1,1,1,1,1,1,1,1,1,5,5,5, ,9,9,9,9,9,9,9,14,14,14,14,14,19,19,19,19,19,19,19,19,19,19,19,19,19,19,19,19,19,19,24,24,24,24,24,26,26,26,26,26,26,26,30,30,30,30,31,31,31,31,31,31,31,31,31,31,31,31,31,31,31,31, , , , , , , , , , , , , , , , , , , , , , , , , ,
 , , , , , , , , , , , , , , , , , , , ,1,1,1,1,1,1,1,1,1,1,1,1,1,1,1,1,1,5,5,5, ,9,9,9,9,9,9,9,14,14,14,14,14,19,19,19,19,19,19,19,19,19,19,19,19,19,19,19,19,19,19,24,24,24,24,24,26,26,26,26,26,26,26,30,30,30,30,31,31,31,31,31,31,31,31,31,31,31,31,31,31,31,31, , , , , , , , , , , , , , , , , , , , , , , , , ,
 , , , , , , , , , , , , , , , , , , , ,1,1,1,1,1,1,1,1,1,1,1,1,1,1,1,1,1,5,5,5, ,9,9,9,9,9,9,9,14,14,14,14,14,19,19,19,19,19,19,19,19,19,19,19,19,19,19,19,19,19,19,24,24,24,24,24,26,26,26,26,26,26,26,30,30,30,30,31,31,31,31,31,31,31,31,31,31,31,31,31,31,31,31, , , , , , , , , , , , , , , , , , , , , , , , , ,
 , , , , , , , , , , , , , , , , , , , ,1,1,1,1,1,1,1,1,1,1,1,1,1,1,1,1,1,5,5,5, ,9,9,9,9,9,9,9,14,14,14,14,14,19,19,19,19,19,19,19,19,19,19,19,19,19,19,19,19,19,19,24,24,24,24,24,26,26,26,26,26,26,26,30,30,30,30,31,31,31,31,31,31,31,31,31,31,31,31,31,31,31,31, , , , , , , , , , , , , , , , , , , , , , , , , ,
 , , , , , , , , , , , , , , , , , , , ,1,1,1,1,1,1,1,1,1,1,1,1,1,1,1,1,1,5,5,5, ,10,10,10,10,10,10, ,14,14,14,14,14,19,19,19,19,19,19,19,19,19,19,19,19,19,19,19,19,19,19,24,24,24,24,24, ,27,27,27,27,27,27,30,30,30,30,31,31,31,31,31,31,31,31,31,31,31,31,31,31,31,31, , , , , , , , , , , , , , , , , , , , , , , , , ,
 , , , , , , , , , , , , , , , , , , , ,1,1,1,1,1,1,1,1,1,1,1,1,1,1,1,1,1,5,5,5, ,10,10,10,10,10,10, ,14,14,14,14,14,19,19,19,19,19,19,19,19,19,19,19,19,19,19,19,19,19,19,24,24,24,24,24, ,27,27,27,27,27,27,30,30,30,30,31,31,31,31,31,31,31,31,31,31,31,31,31,31,31,31, , , , , , , , , , , , , , , , , , , , , , , , , ,
 , , , , , , , , , , , , , , , , , , , ,1,1,1,1,1,1,1,1,1,1,1,1,1,1,1,1,1,5,5,5, ,10,10,10,10,10,10, ,14,14,14,14,14,19,19,19,19,19,19,19,19,19,19,19,19,19,19,19,19,19,19,24,24,24,24,24, ,27,27,27,27,27,27,30,30,30,30,31,31,31,31,31,31,31,31,31,31,31,31,31,31,31,31, , , , , , , , , , , , , , , , , , , , , , , , , ,
 , , , , , , , , , , , , , , , , , , , ,1,1,1,1,1,1,1,1,1,1,1,1,1,1,1,1,1,5,5,5, ,10,10,10,10,10,10, ,14,14,14,14,14,19,19,19,19,19,19,19,19,19,19,19,19,19,19,19,19,19,19,24,24,24,24,24, ,27,27,27,27,27,27,30,30,30,30,31,31,31,31,31,31,31,31,31,31,31,31,31,31,31,31, , , , , , , , , , , , , , , , , , , , , , , , , ,
 , , , , , , , , , , , , , , , , , , , ,1,1,1,1,1,1,1,1,1,1,1,1,1,1,1,1,1,5,5,5, ,10,10,10,10,10,10, ,14,14,14,14,14,19,19,19,19,19,19,19,19,19,19,19,19,19,19,19,19,19,19,24,24,24,24,24, ,27,27,27,27,27,27,30,30,30,30,31,31,31,31,31,31,31,31,31,31,31,31,31,31,31,31, , , , , , , , , , , , , , , , , , , , , , , , , ,
 , , , , , , , , , , , , , , , , , , , , , , , , ,7,7,7,7,7,6,6,6,6,6,6,6,6,6, , ,10,10,10,10,10,10, ,14,14,14,14,14,19,19,19,19,19,19,19,19,19,19,19,19,19,19,19,19,19,19,24,24,24,24,24, ,27,27,27,27,27,27,30,30,30,30,31,31,31,31,31,31,31,31,31,31,31,31,31,31,31,31, , , , , , , , , , , , , , , , , , , , , , , , , ,
 , , , , , , , , , , , , , , , , , , , , , , , , ,7,7,7,7,7,6,6,6,6,6,6,6,6,6, , ,10,10,10,10,10,10, ,14,14,14,14,14,19,19,19,19,19,19,19,19,19,19,19,19,19,19,19,19,19,19,24,24,24,24,24, ,27,27,27,27,27,27,30,30,30,30,31,31,31,31,31,31,31,31,31,31,31,31,31,31,31,31, , , , , , , , , , , , , , , , , , , , , , , , , ,
 , , , , , , , , , , , , , , , , , , , , , , , , ,7,7,7,7,7,6,6,6,6,6,6,6,6,6,11,11,11,11,11,11,11,11,11,11,11,11,11,11,11,20,20,20,20,20,20,21,21,21,21,22,22,22,22,22,22,22,25,25,25,25,25,25,25,25,25,25,25,25,30,30,30,30,31,31,31,31,31,31,31,31,31,31,31,31,31,31,31,31, , , , , , , , , , , , , , , , , , , , , , , , , ,
 , , , , , , , , , , , , , , , , , , , , , , , , ,7,7,7,7,7,6,6,6,6,6,6,6,6,6,11,11,11,11,11,11,11,11,11,11,11,11,11,11,11,20,20,20,20,20,20,21,21,21,21,22,22,22,22,22,22,22,25,25,25,25,25,25,25,25,25,25,25,25,25,0,0,0,0,0,0,0,0,0,0,0,0,0,0,0, , , , , , , , , , , , , , , , , , , , , , , , , , , , , ,
 , , , , , , , , , , , , , , , , , , , , , , , , ,7,7,7,7,7,6,6,6,6,6,6,6,6,6,11,11,11,11,11,11,11,11,11,11,11,11,11,11,11,20,20,20,20,20,20,21,21,21,21,22,22,22,22,22,22,22,25,25,25,25,25,25,25,25,25,25,25,25,25,0,0,0,0,0,0,0,0,0,0,0,0,0,0,0, , , , , , , , , , , , , , , , , , , , , , , , , , , , , ,
 , , , , , , , , , , , , , , , , , , , , , , , , ,7,7,7,7,7,6,6,6,6,6,6,6,6,6,11,11,11,11,11,11,11,11,11,11,11,11,11,11,11,20,20,20,20,20,20,21,21,21,21,22,22,22,22,22,22,22,25,25,25,25,25,25,25,25,25,25,25,25,25,0,0,0,0,0,0,0,0,0,0,0,0,0,0,0, , , , , , , , , , , , , , , , , , , , , , , , , , , , , ,
 , , , , , , , , , , , , , , , , , , , , , , , , ,7,7,7,7,7,6,6,6,6,6,6,6,6,6,11,11,11,11,11,11,11,11,11,11,11,11,11,11,11,20,20,20,20,20,20,21,21,21,21,22,22,22,22,22,22,22,25,25,25,25,25,25,25,25,25,25,25,25,25,0,0,0,0,0,0,0,0,0,0,0,0,0,0,0, , , , , , , , , , , , , , , , , , , , , , , , , , , , , ,
 , , , , , , , , , , , , , , , , , , , , , , , , , , , , , ,6,6,6,6,6,6,6,6,6,11,11,11,11,11,11,11,11,11,11,11,11,11,11,11,20,20,20,20,20,20,21,21,21,21,22,22,22,22,22,22,22,25,25,25,25,25,25,25,25,25,25,25,25,25,0,0,0,0,0,0,0,0,0,0,0,0,0,0,0, , , , , , , , , , , , , , , , , , , , , , , , , , , , , ,
 , , , , , , , , , , , , , , , , , , , , , , , , , , , , , ,6,6,6,6,6,6,6,6,6,11,11,11,11,11,11,11,11,11,11,11,11,11,11,11,20,20,20,20,20,20,21,21,21,21,22,22,22,22,22,22,22,25,25,25,25,25,25,25,25,25,25,25,25,25,0,0,0,0,0,0,0,0,0,0,0,0,0,0,0, , , , , , , , , , , , , , , , , , , , , , , , , , , , , ,
 , , , , , , , , , , , , , , , , , , , , , , , , , , , , , ,6,6,6,6,6,6,6,6,6,11,11,11,11,11,11,11,11,11,11,11,11,11,11,11,20,20,20,20,20,20,21,21,21,21,22,22,22,22,22,22,22,25,25,25,25,25,25,25,25,25,25,25,25,25,0,0,0,0,0,0,0,0,0,0,0,0,0,0,0, , , , , , , , , , , , , , , , , , , , , , , , , , , , , ,
 , , , , , , , , , , , , , , , , , , , , , , , , , , , , , ,6,6,6,6,6,6,6,6,6,11,11,11,11,11,11,11,11,11,11,11,11,11,11,11,20,20,20,20,20,20,21,21,21,21,22,22,22,22,22,22,22,25,25,25,25,25,25,25,25,25,25,25,25,25,0,0,0,0,0,0,0,0,0,0,0,0,0,0,0, , , , , , , , , , , , , , , , , , , , , , , , , , , , , ,
 , , , , , , , , , , , , , , , , , , , , , , , , , , , , , ,6,6,6,6,6,6,6,6,6,11,11,11,11,11,11,11,11,11,11,11,11,11,11,11,20,20,20,20,20,20,21,21,21,21,22,22,22,22,22,22,22,25,25,25,25,25,25,25,25,25,25,25,25,25,0,0,0,0,0,0,0,0,0,0,0,0,0,0,0, , , , , , , , , , , , , , , , , , , , , , , , , , , , , ,
 , , , , , , , , , , , , , , , , , , , , , , , , , , , , , , , , , , , , , , ,11,11,11,11,11,11,11,11,11,11,11,11,11,11,11,20,20,20,20,20,20,21,21,21,21,22,22,22,22,22,22,22,25,25,25,25,25,25,25,25,25,25,25,25,25, , , , , , , , , , , , , , , , , , , , , , , , , , , , , , , , , , , , , , , , , , , , ,
 , , , , , , , , , , , , , , , , , , , , , , , , , , , , , , , , , , , , , , , , , , , , , , , , , , , , , ,20,20,20,20,20,20,21,21,21,21,22,22,22,22,22,22,22, , , , , , , , , , , , , , , , , , , , , , , , , , , , , , , , , , , , , , , , , , , , , , , , , , , , , , , , , ,
 , , , , , , , , , , , , , , , , , , , , , , , , , , , , , , , , , , , , , , , , , , , , , , , , , , , , , ,20,20,20,20,20,20, , , , , , , , , , , , , , , , , , , , , , , , , , , , , , , , , , , , , , , , , , , , , , , , , , , , , , , , , , , , , , , , , , , , ,
 , , , , , , , , , , , , , , , , , , , , , , , , , , , , , , , , , , , , , , , , , , , , , , , , , , , , , , , , , , , , , , , , , , , , , , , , , , , , , , , , , , , , , , , , , , , , , , , , , , , , , , , , , , , , , , , , , , , , , , , , , , , , , , , ,
 , , , , , , , , , , , , , , , , , , , , , , , , , , , , , , , , , , , , , , , , , , , , , , , , , , , , , , , , , , , , , , , , , , , , , , , , , , , , , , , , , , , , , , , , , , , , , , , , , , , , , , , , , , , , , , , , , , , , , , , , , , , , , , , ,
 , , , , , , , , , , , , , , , , , , , , , , , , , , , , , , , , , , , , , , , , , , , , , , , , , , , , , , , , , , , , , , , , , , , , , , , , , , , , , , , , , , , , , , , , , , , , , , , , , , , , , , , , , , , , , , , , , , , , , , , , , , , , , , , ,
 , , , , , , , , , , , , , , , , , , , , , , , , , , , , , , , , , , , , , , , , , , , , , , , , , , , , , , , , , , , , , , , , , , , , , , , , , , , , , , , , , , , , , , , , , , , , , , , , , , , , , , , , , , , , , , , , , , , , , , , , , , , , , , , ,
 , , , , , , , , , , , , , , , , , , , , , , , , , , , , , , , , , , , , , , , , , , , , , , , , , , , , , , , , , , , , , , , , , , , , , , , , , , , , , , , , , , , , , , , , , , , , , , , , , , , , , , , , , , , , , , , , , , , , , , , , , , , , , , , ,
 , , , , , , , , , , , , , , , , , , , , , , , , , , , , , , , , , , , , , , , , , , , , , , , , , , , , , , , , , , , , , , , , , , , , , , , , , , , , , , , , , , , , , , , , , , , , , , , , , , , , , , , , , , , , , , , , , , , , , , , , , , , , , , , ,
 , , , , , , , , , , , , , , , , , , , , , , , , , , , , , , , , , , , , , , , , , , , , , , , , , , , , , , , , , , , , , , , , , , , , , , , , , , , , , , , , , , , , , , , , , , , , , , , , , , , , , , , , , , , , , , , , , , , , , , , , , , , , , , , ,
 , , , , , , , , , , , , , , , , , , , , , , , , , , , , , , , , , , , , , , , , , , , , , , , , , , , , , , , , , , , , , , , , , , , , , , , , , , , , , , , , , , , , , , , , , , , , , , , , , , , , , , , , , , , , , , , , , , , , , , , , , , , , , , , ,
 , , , , , , , , , , , , , , , , , , , , , , , , , , , , , , , , , , , , , , , , , , , , , , , , , , , , , , , , , , , , , , , , , , , , , , , , , , , , , , , , , , , , , , , , , , , , , , , , , , , , , , , , , , , , , , , , , , , , , , , , , , , , , , , ,
 , , , , , , , , , , , , , , , , , , , , , , , , , , , , , , , , , , , , , , , , , , , , , , , , , , , , , , , , , , , , , , , , , , , , , , , , , , , , , , , , , , , , , , , , , , , , , , , , , , , , , , , , , , , , , , , , , , , , , , , , , , , , , , , ,
 , , , , , , , , , , , , , , , , , , , , , , , , , , , , , , , , , , , , , , , , , , , , , , , , , , , , , , , , , , , , , , , , , , , , , , , , , , , , , , , , , , , , , , , , , , , , , , , , , , , , , , , , , , , , , , , , , , , , , , , , , , , , , , , ,
 , , , , , , , , , , , , , , , , , , , , , , , , , , , , , , , , , , , , , , , , , , , , , , , , , , , , , , , , , , , , , , , , , , , , , , , , , , , , , , , , , , , , , , , , , , , , , , , , , , , , , , , , , , , , , , , , , , , , , , , , , , , , , , , ,
 , , , , , , , , , , , , , , , , , , , , , , , , , , , , , , , , , , , , , , , , , , , , , , , , , , , , , , , , , , , , , , , , , , , , , , , , , , , , , , , , , , , , , , , , , , , , , , , , , , , , , , , , , , , , , , , , , , , , , , , , , , , , , , , ,
 , , , , , , , , , , , , , , , , , , , , , , , , , , , , , , , , , , , , , , , , , , , , , , , , , , , , , , , , , , , , , , , , , , , , , , , , , , , , , , , , , , , , , , , , , , , , , , , , , , , , , , , , , , , , , , , , , , , , , , , , , , , , , , , ,
 , , , , , , , , , , , , , , , , , , , , , , , , , , , , , , , , , , , , , , , , , , , , , , , , , , , , , , , , , , , , , , , , , , , , , , , , , , , , , , , , , , , , , , , , , , , , , , , , , , , , , , , , , , , , , , , , , , , , , , , , , , , , , , , ,
 , , , , , , , , , , , , , , , , , , , , , , , , , , , , , , , , , , , , , , , , , , , , , , , , , , , , , , , , , , , , , , , , , , , , , , , , , , , , , , , , , , , , , , , , , , , , , , , , , , , , , , , , , , , , , , , , , , , , , , , , , , , , , , , ,
 , , , , , , , , , , , , , , , , , , , , , , , , , , , , , , , , , , , , , , , , , , , , , , , , , , , , , , , , , , , , , , , , , , , , , , , , , , , , , , , , , , , , , , , , , , , , , , , , , , , , , , , , , , , , , , , , , , , , , , , , , , , , , , , ,
 , , , , , , , , , , , , , , , , , , , , , , , , , , , , , , , , , , , , , , , , , , , , , , , , , , , , , , , , , , , , , , , , , , , , , , , , , , , , , , , , , , , , , , , , , , , , , , , , , , , , , , , , , , , , , , , , , , , , , , , , , , , , , , , ,
 , , , , , , , , , , , , , , , , , , , , , , , , , , , , , , , , , , , , , , , , , , , , , , , , , , , , , , , , , , , , , , , , , , , , , , , , , , , , , , , , , , , , , , , , , , , , , , , , , , , , , , , , , , , , , , , , , , , , , , , , , , , , , , , ,
 , , , , , , , , , , , , , , , , , , , , , , , , , , , , , , , , , , , , , , , , , , , , , , , , , , , , , , , , , , , , , , , , , , , , , , , , , , , , , , , , , , , , , , , , , , , , , , , , , , , , , , , , , , , , , , , , , , , , , , , , , , , , , , , ,
 , , , , , , , , , , , , , , , , , , , , , , , , , , , , , , , , , , , , , , , , , , , , , , , , , , , , , , , , , , , , , , , , , , , , , , , , , , , , , , , , , , , , , , , , , , , , , , , , , , , , , , , , , , , , , , , , , , , , , , , , , , , , , , , ,
 , , , , , , , , , , , , , , , , , , , , , , , , , , , , , , , , , , , , , , , , , , , , , , , , , , , , , , , , , , , , , , , , , , , , , , , , , , , , , , , , , , , , , , , , , , , , , , , , , , , , , , , , , , , , , , , , , , , , , , , , , , , , , , , ,
 , , , , , , , , , , , , , , , , , , , , , , , , , , , , , , , , , , , , , , , , , , , , , , , , , , , , , , , , , , , , , , , , , , , , , , , , , , , , , , , , , , , , , , , , , , , , , , , , , , , , , , , , , , , , , , , , , , , , , , , , , , , , , , , ,
 , , , , , , , , , , , , , , , , , , , , , , , , , , , , , , , , , , , , , , , , , , , , , , , , , , , , , , , , , , , , , , , , , , , , , , , , , , , , , , , , , , , , , , , , , , , , , , , , , , , , , , , , , , , , , , , , , , , , , , , , , , , , , , , ,
 , , , , , , , , , , , , , , , , , , , , , , , , , , , , , , , , , , , , , , , , , , , , , , , , , , , , , , , , , , , , , , , , , , , , , , , , , , , , , , , , , , , , , , , , , , , , , , , , , , , , , , , , , , , , , , , , , , , , , , , , , , , , , , , ,
 , , , , , , , , , , , , , , , , , , , , , , , , , , , , , , , , , , , , , , , , , , , , , , , , , , , , , , , , , , , , , , , , , , , , , , , , , , , , , , , , , , , , , , , , , , , , , , , , , , , , , , , , , , , , , , , , , , , , , , , , , , , , , , , ,
 , , , , , , , , , , , , , , , , , , , , , , , , , , , , , , , , , , , , , , , , , , , , , , , , , , , , , , , , , , , , , , , , , , , , , , , , , , , , , , , , , , , , , , , , , , , , , , , , , , , , , , , , , , , , , , , , , , , , , , , , , , , , , , , ,
 , , , , , , , , , , , , , , , , , , , , , , , , , , , , , , , , , , , , , , , , , , , , , , , , , , , , , , , , , , , , , , , , , , , , , , , , , , , , , , , , , , , , , , , , , , , , , , , , , , , , , , , , , , , , , , , , , , , , , , , , , , , , , , , ,
 , , , , , , , , , , , , , , , , , , , , , , , , , , , , , , , , , , , , , , , , , , , , , , , , , , , , , , , , , , , , , , , , , , , , , , , , , , , , , , , , , , , , , , , , , , , , , , , , , , , , , , , , , , , , , , , , , , , , , , , , , , , , , , , ,
 , , , , , , , , , , , , , , , , , , , , , , , , , , , , , , , , , , , , , , , , , , , , , , , , , , , , , , , , , , , , , , , , , , , , , , , , , , , , , , , , , , , , , , , , , , , , , , , , , , , , , , , , , , , , , , , , , , , , , , , , , , , , , , , ,
 , , , , , , , , , , , , , , , , , , , , , , , , , , , , , , , , , , , , , , , , , , , , , , , , , , , , , , , , , , , , , , , , , , , , , , , , , , , , , , , , , , , , , , , , , , , , , , , , , , , , , , , , , , , , , , , , , , , , , , , , , , , , , , , ,
 , , , , , , , , , , , , , , , , , , , , , , , , , , , , , , , , , , , , , , , , , , , , , , , , , , , , , , , , , , , , , , , , , , , , , , , , , , , , , , , , , , , , , , , , , , , , , , , , , , , , , , , , , , , , , , , , , , , , , , , , , , , , , , , ,
 , , , , , , , , , , , , , , , , , , , , , , , , , , , , , , , , , , , , , , , , , , , , , , , , , , , , , , , , , , , , , , , , , , , , , , , , , , , , , , , , , , , , , , , , , , , , , , , , , , , , , , , , , , , , , , , , , , , , , , , , , , , , , , , ,
 , , , , , , , , , , , , , , , , , , , , , , , , , , , , , , , , , , , , , , , , , , , , , , , , , , , , , , , , , , , , , , , , , , , , , , , , , , , , , , , , , , , , , , , , , , , , , , , , , , , , , , , , , , , , , , , , , , , , , , , , , , , , , , , ,
 , , , , , , , , , , , , , , , , , , , , , , , , , , , , , , , , , , , , , , , , , , , , , , , , , , , , , , , , , , , , , , , , , , , , , , , , , , , , , , , , , , , , , , , , , , , , , , , , , , , , , , , , , , , , , , , , , , , , , , , , , , , , , , , ,
 , , , , , , , , , , , , , , , , , , , , , , , , , , , , , , , , , , , , , , , , , , , , , , , , , , , , , , , , , , , , , , , , , , , , , , , , , , , , , , , , , , , , , , , , , , , , , , , , , , , , , , , , , , , , , , , , , , , , , , , , , , , , , , , ,
 , , , , , , , , , , , , , , , , , , , , , , , , , , , , , , , , , , , , , , , , , , , , , , , , , , , , , , , , , , , , , , , , , , , , , , , , , , , , , , , , , , , , , , , , , , , , , , , , , , , , , , , , , , , , , , , , , , , , , , , , , , , , , , , ,
 , , , , , , , , , , , , , , , , , , , , , , , , , , , , , , , , , , , , , , , , , , , , , , , , , , , , , , , , , , , , , , , , , , , , , , , , , , , , , , , , , , , , , , , , , , , , , , , , , , , , , , , , , , , , , , , , , , , , , , , , , , , , , , , ,
 , , , , , , , , , , , , , , , , , , , , , , , , , , , , , , , , , , , , , , , , , , , , , , , , , , , , , , , , , , , , , , , , , , , , , , , , , , , , , , , , , , , , , , , , , , , , , , , , , , , , , , , , , , , , , , , , , , , , , , , , , , , , , , , ,
 , , , , , , , , , , , , , , , , , , , , , , , , , , , , , , , , , , , , , , , , , , , , , , , , , , , , , , , , , , , , , , , , , , , , , , , , , , , , , , , , , , , , , , , , , , , , , , , , , , , , , , , , , , , , , , , , , , , , , , , , , , , , , , , ,
 , , , , , , , , , , , , , , , , , , , , , , , , , , , , , , , , , , , , , , , , , , , , , , , , , , , , , , , , , , , , , , , , , , , , , , , , , , , , , , , , , , , , , , , , , , , , , , , , , , , , , , , , , , , , , , , , , , , , , , , , , , , , , , , ,
 , , , , , , , , , , , , , , , , , , , , , , , , , , , , , , , , , , , , , , , , , , , , , , , , , , , , , , , , , , , , , , , , , , , , , , , , , , , , , , , , , , , , , , , , , , , , , , , , , , , , , , , , , , , , , , , , , , , , , , , , , , , , , , , ,
